0 1 10 9 0 0 1 5
0 0 0 0 6 0
1 0 1 0 8 0
2 0 0 0 11 0
3 0 1 0 16 0
4 0 0 0 18 0
1 1 10 9 0 0 1 5
0 0 0 0 6 15
1 0 1 0 8 30
2 0 0 0 12 0
3 0 1 0 16 30
4 0 0 0 18 30
2 1 10 9 0 0 1 5
0 0 0 0 6 30
1 0 1 0 9 0
2 0 0 0 13 0
3 0 1 0 17 0
4 0 0 0 19 0
3 1 10 9 0 0 1 5
0 0 0 0 7 0
1 0 1 0 9 30
2 0 0 0 14 0
3 0 1 0 17 15
4 0 0 0 19 30
4 9 10 17 1 0 0 5
0 0 0 0 7 30
1 0 1 0 10 0
2 0 0 0 15 0
3 0 1 0 17 30
4 0 0 0 20 0
5 0 1 4 0 0 0 5
0 0 1 0 6 0
1 0 0 0 8 0
2 0 1 0 11 0
3 0 0 0 16 0
4 0 1 0 18 0
6 0 1 4 0 0 0 5
0 0 1 0 6 15
1 0 0 0 8 30
2 0 1 0 12 0
3 0 0 0 16 30
4 0 1 0 18 30
7 0 1 4 0 0 0 5
0 0 1 0 6 30
1 0 0 0 9 0
2 0 1 0 13 0
3 0 0 0 17 0
4 0 1 0 19 0
8 0 1 4 0 0 0 5
0 0 1 0 7 0
1 0 0 0 9 30
2 0 1 0 14 0
3 0 0 0 17 15
4 0 1 0 19 30
9 4 13 8 1 0 1 5
0 0 1 0 7 30
1 0 0 0 10 0
2 0 1 0 15 0
3 0 0 0 17 30
4 0 1 0 20 0