0 1 4 30
27 0 5 0 0 -1 -1 3
0 0 6 30 0 8 0 1 0 5 0 0
1 0 18 15 0 2 0 2 5 2 0 1
2 0 20 30 0 10 0 0 2 0 0 1
30 0 4 0 0 -1 -1 3
0 0 7 30 0 8 0 1 0 4 0 0
1 0 18 30 0 2 0 2 4 1 0 0
2 0 20 15 0 10 0 0 1 0 0 1
-1 0 5 0 1 -1 -1 3
0 0 6 0 0 8 0 1 0 5 0 0
1 0 18 30 0 2 0 2 5 8 0 1
2 0 20 0 0 10 0 0 8 0 0 1
47 0 2 0 0 -1 -1 3
0 0 8 0 0 8 0 1 0 2 0 0
1 0 18 30 0 2 0 2 2 1 0 0
2 0 20 0 0 10 0 0 1 0 0 1
-1 0 5 0 1 -1 -1 3
0 0 6 0 0 8 0 1 0 5 0 0
1 0 18 15 0 2 0 2 5 1 0 0
2 0 20 15 0 10 0 0 1 0 0 1
49 0 6 0 0 -1 -1 3
0 0 7 30 0 8 0 1 0 6 0 0
1 0 18 30 0 2 0 2 6 5 0 0
2 0 20 0 0 10 0 0 5 0 0 1
74 0 6 0 0 -1 -1 3
0 0 7 15 0 8 0 1 0 6 0 0
1 0 18 0 0 2 0 2 6 1 0 0
2 0 20 0 0 10 0 0 1 0 0 1
83 0 6 0 0 -1 -1 3
0 0 7 0 0 8 0 1 0 6 0 0
1 0 18 15 0 2 0 2 6 7 0 1
2 0 20 30 0 10 0 0 7 0 0 1
110 0 7 0 0 -1 -1 3
0 0 7 0 0 8 0 1 0 7 0 0
1 0 18 15 0 2 0 2 7 1 0 0
2 0 20 15 0 10 0 0 1 0 0 1
-1 0 5 0 1 -1 -1 3
0 0 6 0 0 8 0 1 0 5 0 0
1 0 18 30 0 2 0 2 5 2 0 1
2 0 20 0 0 10 0 0 2 0 0 1
118 0 3 0 0 -1 -1 3
0 0 6 15 0 8 0 1 0 3 0 0
1 0 18 15 0 2 0 2 3 4 0 0
2 0 20 15 0 10 0 0 4 0 0 1
122 0 9 0 0 -1 -1 3
0 0 7 0 0 8 0 1 0 9 0 0
1 0 18 15 0 2 0 2 9 7 0 1
2 0 20 15 0 10 0 0 7 0 0 1
125 0 1 0 0 -1 -1 3
0 0 8 15 0 8 0 1 0 1 0 0
1 0 18 0 0 2 0 2 1 6 0 1
2 0 20 30 0 10 0 0 6 0 0 1
133 0 5 0 0 -1 -1 3
0 0 7 30 0 8 0 1 0 5 0 0
1 0 18 30 0 2 0 2 5 9 0 1
2 0 20 15 0 10 0 0 9 0 0 1
138 0 6 0 0 -1 -1 3
0 0 7 15 0 8 0 1 0 6 0 0
1 0 18 15 0 2 0 2 6 4 0 1
2 0 20 30 0 10 0 0 4 0 0 1
148 0 3 0 0 -1 -1 3
0 0 7 15 0 8 0 1 0 3 0 0
1 0 18 15 0 2 0 2 3 1 0 0
2 0 20 30 0 10 0 0 1 0 0 1
152 0 2 0 0 -1 -1 3
0 0 8 0 0 8 0 1 0 2 0 0
1 0 18 30 0 2 0 2 2 8 0 1
2 0 20 0 0 10 0 0 8 0 0 1
156 0 6 0 0 -1 -1 3
0 0 8 30 0 8 0 1 0 6 0 0
1 0 18 15 0 2 0 2 6 4 0 1
2 0 20 30 0 10 0 0 4 0 0 1
160 0 9 0 0 -1 -1 3
0 0 7 30 0 8 0 1 0 9 0 0
1 0 18 15 0 2 0 2 9 5 0 0
2 0 20 0 0 10 0 0 5 0 0 1
168 0 9 0 0 -1 -1 3
0 0 7 0 0 8 0 1 0 9 0 0
1 0 18 15 0 2 0 2 9 6 0 1
2 0 20 15 0 10 0 0 6 0 0 1
219 0 7 0 0 -1 -1 3
0 0 6 30 0 8 0 1 0 7 0 0
1 0 18 15 0 2 0 2 7 6 0 0
2 0 20 15 0 10 0 0 6 0 0 1
247 0 1 0 0 -1 -1 3
0 0 8 15 0 8 0 1 0 1 0 0
1 0 18 30 0 2 0 2 1 6 0 1
2 0 20 15 0 10 0 0 6 0 0 1
258 0 7 0 0 -1 -1 3
0 0 8 30 0 8 0 1 0 7 0 0
1 0 18 15 0 2 0 2 7 1 0 0
2 0 20 30 0 10 0 0 1 0 0 1
260 0 6 0 0 -1 -1 3
0 0 7 0 0 8 0 1 0 6 0 0
1 0 18 15 0 2 0 2 6 0 0 1
2 0 20 30 0 10 0 0 0 0 0 0
267 0 6 0 0 -1 -1 3
0 0 8 0 0 8 0 1 0 6 0 0
1 0 18 30 0 2 0 2 6 2 0 0
2 0 20 0 0 10 0 0 2 0 0 1
277 0 9 0 0 -1 -1 3
0 0 6 30 0 8 0 1 0 9 0 0
1 0 18 15 0 2 0 2 9 4 0 1
2 0 20 30 0 10 0 0 4 0 0 1
280 0 7 0 0 -1 -1 3
0 0 6 15 0 8 0 1 0 7 0 0
1 0 18 15 0 2 0 2 7 9 0 0
2 0 20 15 0 10 0 0 9 0 0 1
290 0 9 0 0 -1 -1 3
0 0 7 15 0 8 0 1 0 9 0 0
1 0 18 0 0 2 0 2 9 7 0 1
2 0 20 0 0 10 0 0 7 0 0 1
291 0 9 0 0 -1 -1 3
0 0 7 30 0 8 0 1 0 9 0 0
1 0 18 30 0 2 0 2 9 3 0 1
2 0 20 15 0 10 0 0 3 0 0 1
297 0 7 0 0 -1 -1 3
0 0 8 15 0 8 0 1 0 7 0 0
1 0 18 30 0 2 0 2 7 2 0 0
2 0 20 0 0 10 0 0 2 0 0 1
1 10 9 34
9 1 5 1 0 -1 -1 3
0 0 8 30 0 8 0 1 1 5 0 1
1 0 18 0 0 2 0 2 5 3 0 1
2 0 20 15 0 10 0 0 3 1 0 0
17 1 4 1 0 -1 -1 3
0 0 8 30 0 8 0 1 1 4 0 1
1 0 18 30 0 2 0 2 4 6 0 0
2 0 20 15 0 10 0 0 6 1 0 0
-1 1 4 1 1 -1 -1 3
0 0 6 0 0 8 0 1 1 4 0 1
1 0 18 15 0 2 0 2 4 0 0 1
2 0 20 0 0 10 0 0 0 1 0 0
53 1 6 1 0 -1 -1 3
0 0 7 30 0 8 0 1 1 6 0 1
1 0 18 0 0 2 0 2 6 5 0 0
2 0 20 0 0 10 0 0 5 1 0 0
63 1 8 1 0 -1 -1 3
0 0 8 0 0 8 0 1 1 8 0 1
1 0 18 30 0 2 0 2 8 3 0 1
2 0 20 15 0 10 0 0 3 1 0 0
84 1 6 1 0 -1 -1 3
0 0 6 15 0 8 0 1 1 6 0 1
1 0 18 15 0 2 0 2 6 4 0 1
2 0 20 30 0 10 0 0 4 1 0 0
102 1 5 1 0 -1 -1 3
0 0 8 30 0 8 0 1 1 5 0 1
1 0 18 0 0 2 0 2 5 4 0 1
2 0 20 30 0 10 0 0 4 1 0 0
108 1 7 1 0 -1 -1 3
0 0 6 30 0 8 0 1 1 7 0 1
1 0 18 30 0 2 0 2 7 5 0 0
2 0 20 30 0 10 0 0 5 1 0 0
113 1 6 1 0 -1 -1 3
0 0 8 0 0 8 0 1 1 6 0 1
1 0 18 15 0 2 0 2 6 7 0 1
2 0 20 0 0 10 0 0 7 1 0 0
117 1 0 1 0 -1 -1 3
0 0 6 30 0 8 0 1 1 0 0 1
1 0 18 15 0 2 0 2 0 7 0 0
2 0 20 15 0 10 0 0 7 1 0 0
119 1 4 1 0 -1 -1 3
0 0 7 15 0 8 0 1 1 4 0 1
1 0 18 30 0 2 0 2 4 2 0 0
2 0 20 30 0 10 0 0 2 1 0 0
140 1 7 1 0 -1 -1 3
0 0 6 15 0 8 0 1 1 7 0 1
1 0 18 15 0 2 0 2 7 4 0 0
2 0 20 30 0 10 0 0 4 1 0 0
150 1 4 1 0 -1 -1 3
0 0 6 15 0 8 0 1 1 4 0 1
1 0 18 15 0 2 0 2 4 7 0 1
2 0 20 30 0 10 0 0 7 1 0 0
155 1 9 1 0 -1 -1 3
0 0 7 0 0 8 0 1 1 9 0 1
1 0 18 30 0 2 0 2 9 5 0 0
2 0 20 15 0 10 0 0 5 1 0 0
169 1 9 1 0 -1 -1 3
0 0 6 30 0 8 0 1 1 9 0 1
1 0 18 15 0 2 0 2 9 2 0 1
2 0 20 0 0 10 0 0 2 1 0 0
171 1 2 1 0 -1 -1 3
0 0 7 0 0 8 0 1 1 2 0 1
1 0 18 0 0 2 0 2 2 5 0 0
2 0 20 15 0 10 0 0 5 1 0 0
174 1 8 1 0 -1 -1 3
0 0 7 0 0 8 0 1 1 8 0 1
1 0 18 0 0 2 0 2 8 2 0 0
2 0 20 0 0 10 0 0 2 1 0 0
175 1 8 1 0 -1 -1 3
0 0 6 30 0 8 0 1 1 8 0 1
1 0 18 30 0 2 0 2 8 3 0 1
2 0 20 30 0 10 0 0 3 1 0 0
183 1 7 1 0 -1 -1 3
0 0 8 0 0 8 0 1 1 7 0 1
1 0 18 15 0 2 0 2 7 2 0 0
2 0 20 30 0 10 0 0 2 1 0 0
185 1 5 1 0 -1 -1 3
0 0 7 30 0 8 0 1 1 5 0 1
1 0 18 15 0 2 0 2 5 1 0 0
2 0 20 30 0 10 0 0 1 1 0 0
194 1 9 1 0 -1 -1 3
0 0 8 30 0 8 0 1 1 9 0 1
1 0 18 15 0 2 0 2 9 8 0 1
2 0 20 15 0 10 0 0 8 1 0 0
198 1 2 1 0 -1 -1 3
0 0 8 15 0 8 0 1 1 2 0 1
1 0 18 30 0 2 0 2 2 0 0 1
2 0 20 15 0 10 0 0 0 1 0 0
206 1 0 1 0 -1 -1 3
0 0 6 30 0 8 0 1 1 0 0 1
1 0 18 15 0 2 0 2 0 2 0 0
2 0 20 30 0 10 0 0 2 1 0 0
208 1 7 1 0 -1 -1 3
0 0 8 0 0 8 0 1 1 7 0 1
1 0 18 30 0 2 0 2 7 9 0 0
2 0 20 30 0 10 0 0 9 1 0 0
213 1 6 1 0 -1 -1 3
0 0 8 30 0 8 0 1 1 6 0 1
1 0 18 30 0 2 0 2 6 2 0 0
2 0 20 15 0 10 0 0 2 1 0 0
214 1 9 1 0 -1 -1 3
0 0 6 30 0 8 0 1 1 9 0 1
1 0 18 30 0 2 0 2 9 7 0 1
2 0 20 15 0 10 0 0 7 1 0 0
218 1 9 1 0 -1 -1 3
0 0 8 30 0 8 0 1 1 9 0 1
1 0 18 15 0 2 0 2 9 0 0 1
2 0 20 0 0 10 0 0 0 1 0 0
238 1 3 1 0 -1 -1 3
0 0 7 0 0 8 0 1 1 3 0 1
1 0 18 30 0 2 0 2 3 1 0 0
2 0 20 15 0 10 0 0 1 1 0 0
241 1 8 1 0 -1 -1 3
0 0 7 0 0 8 0 1 1 8 0 1
1 0 18 0 0 2 0 2 8 6 0 0
2 0 20 30 0 10 0 0 6 1 0 0
250 1 9 1 0 -1 -1 3
0 0 8 0 0 8 0 1 1 9 0 1
1 0 18 15 0 2 0 2 9 8 0 1
2 0 20 30 0 10 0 0 8 1 0 0
257 1 4 1 0 -1 -1 3
0 0 8 30 0 8 0 1 1 4 0 1
1 0 18 0 0 2 0 2 4 8 0 0
2 0 20 30 0 10 0 0 8 1 0 0
261 1 0 1 0 -1 -1 3
0 0 8 0 0 8 0 1 1 0 0 1
1 0 18 30 0 2 0 2 0 1 0 0
2 0 20 0 0 10 0 0 1 1 0 0
279 1 8 1 0 -1 -1 3
0 0 7 30 0 8 0 1 1 8 0 1
1 0 18 15 0 2 0 2 8 5 0 0
2 0 20 15 0 10 0 0 5 1 0 0
283 1 9 1 0 -1 -1 3
0 0 8 15 0 8 0 1 1 9 0 1
1 0 18 30 0 2 0 2 9 6 0 1
2 0 20 30 0 10 0 0 6 1 0 0
2 8 7 32
5 2 7 2 0 -1 -1 3
0 0 7 0 0 8 0 1 2 7 0 1
1 0 18 15 0 2 0 2 7 0 0 1
2 0 20 15 0 10 0 0 0 2 0 0
29 2 0 2 0 -1 -1 3
0 0 7 0 0 8 0 1 2 0 0 1
1 0 18 0 0 2 0 2 0 8 0 0
2 0 20 30 0 10 0 0 8 2 0 0
35 2 4 2 1 -1 -1 3
0 0 6 0 0 8 0 1 2 4 0 1
1 0 18 15 0 2 0 2 4 2 0 0
2 0 20 0 0 10 0 0 2 2 0 0
39 2 8 2 0 -1 -1 3
0 0 6 30 0 8 0 1 2 8 0 1
1 0 18 15 0 2 0 2 8 5 0 0
2 0 20 15 0 10 0 0 5 2 0 1
40 2 8 2 0 -1 -1 3
0 0 8 30 0 8 0 1 2 8 0 1
1 0 18 15 0 2 0 2 8 6 0 0
2 0 20 30 0 10 0 0 6 2 0 0
41 2 1 2 0 -1 -1 3
0 0 6 15 0 8 0 1 2 1 0 0
1 0 18 0 0 2 0 2 1 3 0 1
2 0 20 30 0 10 0 0 3 2 0 0
52 2 1 2 0 -1 -1 3
0 0 6 30 0 8 0 1 2 1 0 0
1 0 18 15 0 2 0 2 1 7 0 1
2 0 20 30 0 10 0 0 7 2 0 0
55 2 6 2 0 -1 -1 3
0 0 7 0 0 8 0 1 2 6 0 1
1 0 18 15 0 2 0 2 6 4 0 1
2 0 20 30 0 10 0 0 4 2 0 0
69 2 7 2 0 -1 -1 3
0 0 7 0 0 8 0 1 2 7 0 1
1 0 18 0 0 2 0 2 7 6 0 0
2 0 20 15 0 10 0 0 6 2 0 0
87 2 5 2 1 -1 -1 3
0 0 6 0 0 8 0 1 2 5 0 0
1 0 18 0 0 2 0 2 5 4 0 1
2 0 20 30 0 10 0 0 4 2 0 0
97 2 8 2 0 -1 -1 3
0 0 8 15 0 8 0 1 2 8 0 1
1 0 18 0 0 2 0 2 8 2 0 0
2 0 20 30 0 10 0 0 2 2 0 0
98 2 3 2 0 -1 -1 3
0 0 8 15 0 8 0 1 2 3 0 1
1 0 18 30 0 2 0 2 3 6 0 0
2 0 20 0 0 10 0 0 6 2 0 0
100 2 3 2 0 -1 -1 3
0 0 8 30 0 8 0 1 2 3 0 1
1 0 18 30 0 2 0 2 3 9 0 0
2 0 20 30 0 10 0 0 9 2 0 1
112 2 4 2 0 -1 -1 3
0 0 8 15 0 8 0 1 2 4 0 1
1 0 18 0 0 2 0 2 4 1 0 0
2 0 20 15 0 10 0 0 1 2 0 1
115 2 8 2 0 -1 -1 3
0 0 8 0 0 8 0 1 2 8 0 1
1 0 18 0 0 2 0 2 8 7 0 1
2 0 20 15 0 10 0 0 7 2 0 0
129 2 1 2 0 -1 -1 3
0 0 8 30 0 8 0 1 2 1 0 0
1 0 18 30 0 2 0 2 1 7 0 1
2 0 20 30 0 10 0 0 7 2 0 0
145 2 6 2 0 -1 -1 3
0 0 8 15 0 8 0 1 2 6 0 1
1 0 18 30 0 2 0 2 6 0 0 1
2 0 20 0 0 10 0 0 0 2 0 0
149 2 8 2 0 -1 -1 3
0 0 6 30 0 8 0 1 2 8 0 1
1 0 18 0 0 2 0 2 8 7 0 1
2 0 20 15 0 10 0 0 7 2 0 0
163 2 3 2 0 -1 -1 3
0 0 7 15 0 8 0 1 2 3 0 1
1 0 18 30 0 2 0 2 3 1 0 0
2 0 20 30 0 10 0 0 1 2 0 1
180 2 1 2 0 -1 -1 3
0 0 8 0 0 8 0 1 2 1 0 0
1 0 18 30 0 2 0 2 1 6 0 1
2 0 20 0 0 10 0 0 6 2 0 0
201 2 6 2 0 -1 -1 3
0 0 7 15 0 8 0 1 2 6 0 1
1 0 18 30 0 2 0 2 6 7 0 1
2 0 20 0 0 10 0 0 7 2 0 0
221 2 1 2 0 -1 -1 3
0 0 7 30 0 8 0 1 2 1 0 0
1 0 18 15 0 2 0 2 1 7 0 1
2 0 20 15 0 10 0 0 7 2 0 0
231 2 6 2 0 -1 -1 3
0 0 7 0 0 8 0 1 2 6 0 1
1 0 18 15 0 2 0 2 6 1 0 0
2 0 20 30 0 10 0 0 1 2 0 1
234 2 4 2 0 -1 -1 3
0 0 8 0 0 8 0 1 2 4 0 1
1 0 18 30 0 2 0 2 4 3 0 1
2 0 20 30 0 10 0 0 3 2 0 0
244 2 0 2 0 -1 -1 3
0 0 7 15 0 8 0 1 2 0 0 1
1 0 18 30 0 2 0 2 0 8 0 0
2 0 20 0 0 10 0 0 8 2 0 0
245 2 3 2 0 -1 -1 3
0 0 8 30 0 8 0 1 2 3 0 1
1 0 18 15 0 2 0 2 3 9 0 0
2 0 20 0 0 10 0 0 9 2 0 1
268 2 4 2 1 -1 -1 3
0 0 6 0 0 8 0 1 2 4 0 1
1 0 18 0 0 2 0 2 4 8 0 0
2 0 20 0 0 10 0 0 8 2 0 0
274 2 0 2 0 -1 -1 3
0 0 7 15 0 8 0 1 2 0 0 1
1 0 18 15 0 2 0 2 0 4 0 0
2 0 20 15 0 10 0 0 4 2 0 0
275 2 0 2 0 -1 -1 3
0 0 8 30 0 8 0 1 2 0 0 1
1 0 18 15 0 2 0 2 0 2 0 0
2 0 20 30 0 10 0 0 2 2 0 0
276 2 4 2 0 -1 -1 3
0 0 7 15 0 8 0 1 2 4 0 1
1 0 18 0 0 2 0 2 4 8 0 0
2 0 20 15 0 10 0 0 8 2 0 0
284 2 6 2 0 -1 -1 3
0 0 8 0 0 8 0 1 2 6 0 1
1 0 18 15 0 2 0 2 6 1 0 0
2 0 20 0 0 10 0 0 1 2 0 1
300 2 9 2 0 -1 -1 3
0 0 7 15 0 8 0 1 2 9 0 0
1 0 18 0 0 2 0 2 9 7 0 1
2 0 20 30 0 10 0 0 7 2 0 0
3 13 2 33
18 3 9 3 0 -1 -1 3
0 0 6 15 0 8 0 1 3 9 0 0
1 0 18 30 0 2 0 2 9 5 0 0
2 0 20 0 0 10 0 0 5 3 0 1
20 3 1 3 0 -1 -1 3
0 0 7 0 0 8 0 1 3 1 0 0
1 0 18 30 0 2 0 2 1 3 0 1
2 0 20 0 0 10 0 0 3 3 0 0
23 3 2 3 0 -1 -1 3
0 0 7 30 0 8 0 1 3 2 0 0
1 0 18 30 0 2 0 2 2 5 0 0
2 0 20 30 0 10 0 0 5 3 0 1
25 3 4 3 0 -1 -1 3
0 0 6 30 0 8 0 1 3 4 0 0
1 0 18 30 0 2 0 2 4 5 0 0
2 0 20 15 0 10 0 0 5 3 0 1
34 3 4 3 1 -1 -1 3
0 0 6 0 0 8 0 1 3 4 0 0
1 0 18 0 0 2 0 2 4 7 0 1
2 0 20 0 0 10 0 0 7 3 0 0
46 3 2 3 0 -1 -1 3
0 0 7 15 0 8 0 1 3 2 0 0
1 0 18 30 0 2 0 2 2 4 0 1
2 0 20 15 0 10 0 0 4 3 0 1
60 3 4 3 0 -1 -1 3
0 0 8 15 0 8 0 1 3 4 0 0
1 0 18 30 0 2 0 2 4 2 0 0
2 0 20 15 0 10 0 0 2 3 0 1
76 3 7 3 0 -1 -1 3
0 0 7 0 0 8 0 1 3 7 0 1
1 0 18 30 0 2 0 2 7 3 0 0
2 0 20 15 0 10 0 0 3 3 0 0
78 3 8 3 0 -1 -1 3
0 0 6 30 0 8 0 1 3 8 0 0
1 0 18 0 0 2 0 2 8 3 0 1
2 0 20 30 0 10 0 0 3 3 0 0
81 3 7 3 0 -1 -1 3
0 0 8 0 0 8 0 1 3 7 0 1
1 0 18 15 0 2 0 2 7 2 0 0
2 0 20 30 0 10 0 0 2 3 0 1
94 3 7 3 0 -1 -1 3
0 0 8 30 0 8 0 1 3 7 0 1
1 0 18 0 0 2 0 2 7 1 0 0
2 0 20 30 0 10 0 0 1 3 0 1
95 3 0 3 0 -1 -1 3
0 0 7 15 0 8 0 1 3 0 0 1
1 0 18 15 0 2 0 2 0 3 0 0
2 0 20 0 0 10 0 0 3 3 0 0
105 3 0 3 0 -1 -1 3
0 0 8 0 0 8 0 1 3 0 0 1
1 0 18 15 0 2 0 2 0 5 0 0
2 0 20 30 0 10 0 0 5 3 0 1
106 3 9 3 0 -1 -1 3
0 0 8 15 0 8 0 1 3 9 0 0
1 0 18 30 0 2 0 2 9 6 0 1
2 0 20 0 0 10 0 0 6 3 0 1
111 3 1 3 1 -1 -1 3
0 0 6 0 0 8 0 1 3 1 0 0
1 0 18 0 0 2 0 2 1 6 0 1
2 0 20 30 0 10 0 0 6 3 0 1
134 3 7 3 0 -1 -1 3
0 0 7 15 0 8 0 1 3 7 0 1
1 0 18 0 0 2 0 2 7 6 0 0
2 0 20 15 0 10 0 0 6 3 0 1
135 3 1 3 0 -1 -1 3
0 0 8 0 0 8 0 1 3 1 0 0
1 0 18 15 0 2 0 2 1 5 0 1
2 0 20 30 0 10 0 0 5 3 0 1
139 3 6 3 0 -1 -1 3
0 0 8 30 0 8 0 1 3 6 0 0
1 0 18 15 0 2 0 2 6 2 0 0
2 0 20 15 0 10 0 0 2 3 0 1
142 3 8 3 0 -1 -1 3
0 0 7 0 0 8 0 1 3 8 0 0
1 0 18 30 0 2 0 2 8 9 0 0
2 0 20 15 0 10 0 0 9 3 0 1
184 3 6 3 0 -1 -1 3
0 0 6 15 0 8 0 1 3 6 0 0
1 0 18 0 0 2 0 2 6 9 0 0
2 0 20 0 0 10 0 0 9 3 0 1
216 3 6 3 0 -1 -1 3
0 0 6 30 0 8 0 1 3 6 0 0
1 0 18 15 0 2 0 2 6 4 0 1
2 0 20 15 0 10 0 0 4 3 0 1
217 3 9 3 0 -1 -1 3
0 0 8 30 0 8 0 1 3 9 0 0
1 0 18 0 0 2 0 2 9 2 0 1
2 0 20 0 0 10 0 0 2 3 0 1
229 3 1 3 0 -1 -1 3
0 0 8 0 0 8 0 1 3 1 0 0
1 0 18 15 0 2 0 2 1 9 0 1
2 0 20 30 0 10 0 0 9 3 0 1
230 3 5 3 0 -1 -1 3
0 0 7 0 0 8 0 1 3 5 0 0
1 0 18 15 0 2 0 2 5 6 0 1
2 0 20 30 0 10 0 0 6 3 0 1
246 3 5 3 0 -1 -1 3
0 0 7 15 0 8 0 1 3 5 0 0
1 0 18 30 0 2 0 2 5 8 0 1
2 0 20 30 0 10 0 0 8 3 0 1
259 3 8 3 0 -1 -1 3
0 0 8 0 0 8 0 1 3 8 0 0
1 0 18 15 0 2 0 2 8 2 0 0
2 0 20 15 0 10 0 0 2 3 0 1
262 3 2 3 0 -1 -1 3
0 0 8 15 0 8 0 1 3 2 0 0
1 0 18 0 0 2 0 2 2 4 0 1
2 0 20 30 0 10 0 0 4 3 0 1
265 3 7 3 0 -1 -1 3
0 0 7 30 0 8 0 1 3 7 0 1
1 0 18 30 0 2 0 2 7 4 0 0
2 0 20 0 0 10 0 0 4 3 0 1
269 3 8 3 0 -1 -1 3
0 0 7 15 0 8 0 1 3 8 0 0
1 0 18 0 0 2 0 2 8 3 0 1
2 0 20 15 0 10 0 0 3 3 0 0
287 3 6 3 0 -1 -1 3
0 0 8 0 0 8 0 1 3 6 0 0
1 0 18 30 0 2 0 2 6 2 0 0
2 0 20 0 0 10 0 0 2 3 0 1
288 3 0 3 0 -1 -1 3
0 0 8 15 0 8 0 1 3 0 0 1
1 0 18 15 0 2 0 2 0 9 0 0
2 0 20 30 0 10 0 0 9 3 0 1
289 3 6 3 1 -1 -1 3
0 0 6 0 0 8 0 1 3 6 0 0
1 0 18 15 0 2 0 2 6 7 0 1
2 0 20 30 0 10 0 0 7 3 0 0
294 3 6 3 0 -1 -1 3
0 0 7 0 0 8 0 1 3 6 0 0
1 0 18 30 0 2 0 2 6 1 0 0
2 0 20 15 0 10 0 0 1 3 0 1
4 12 14 29
4 4 0 4 1 -1 -1 3
0 0 6 0 0 8 0 1 4 0 0 1
1 0 18 30 0 2 0 2 0 5 0 0
2 0 20 15 0 10 0 0 5 4 0 1
6 4 7 4 0 -1 -1 3
0 0 8 30 0 8 0 1 4 7 0 1
1 0 18 30 0 2 0 2 7 0 0 1
2 0 20 30 0 10 0 0 0 4 0 0
7 4 0 4 1 -1 -1 3
0 0 6 0 0 8 0 1 4 0 0 1
1 0 18 15 0 2 0 2 0 7 0 0
2 0 20 0 0 10 0 0 7 4 0 0
11 4 3 4 0 -1 -1 3
0 0 7 30 0 8 0 1 4 3 0 1
1 0 18 30 0 2 0 2 3 9 0 0
2 0 20 30 0 10 0 0 9 4 0 1
19 4 0 4 0 -1 -1 3
0 0 7 0 0 8 0 1 4 0 0 1
1 0 18 30 0 2 0 2 0 4 0 0
2 0 20 15 0 10 0 0 4 4 0 0
51 4 1 4 0 -1 -1 3
0 0 7 30 0 8 0 1 4 1 0 0
1 0 18 0 0 2 0 2 1 0 0 1
2 0 20 30 0 10 0 0 0 4 0 0
54 4 7 4 0 -1 -1 3
0 0 6 15 0 8 0 1 4 7 0 1
1 0 18 0 0 2 0 2 7 4 0 0
2 0 20 15 0 10 0 0 4 4 0 0
56 4 2 4 0 -1 -1 3
0 0 7 15 0 8 0 1 4 2 0 0
1 0 18 15 0 2 0 2 2 6 0 1
2 0 20 30 0 10 0 0 6 4 0 1
61 4 1 4 0 -1 -1 3
0 0 7 30 0 8 0 1 4 1 0 0
1 0 18 30 0 2 0 2 1 8 0 1
2 0 20 0 0 10 0 0 8 4 0 1
72 4 1 4 1 -1 -1 3
0 0 6 0 0 8 0 1 4 1 0 0
1 0 18 0 0 2 0 2 1 0 0 1
2 0 20 30 0 10 0 0 0 4 0 0
82 4 9 4 0 -1 -1 3
0 0 8 15 0 8 0 1 4 9 0 0
1 0 18 30 0 2 0 2 9 5 0 0
2 0 20 0 0 10 0 0 5 4 0 1
99 4 5 4 1 -1 -1 3
0 0 6 0 0 8 0 1 4 5 0 0
1 0 18 15 0 2 0 2 5 3 0 1
2 0 20 0 0 10 0 0 3 4 0 0
104 4 3 4 0 -1 -1 3
0 0 7 0 0 8 0 1 4 3 0 1
1 0 18 30 0 2 0 2 3 4 0 0
2 0 20 30 0 10 0 0 4 4 0 0
116 4 9 4 0 -1 -1 3
0 0 8 0 0 8 0 1 4 9 0 0
1 0 18 30 0 2 0 2 9 4 0 1
2 0 20 0 0 10 0 0 4 4 0 0
146 4 6 4 0 -1 -1 3
0 0 8 15 0 8 0 1 4 6 0 0
1 0 18 15 0 2 0 2 6 7 0 1
2 0 20 15 0 10 0 0 7 4 0 0
178 4 2 4 0 -1 -1 3
0 0 7 0 0 8 0 1 4 2 0 0
1 0 18 15 0 2 0 2 2 5 0 0
2 0 20 30 0 10 0 0 5 4 0 1
193 4 9 4 0 -1 -1 3
0 0 8 0 0 8 0 1 4 9 0 0
1 0 18 0 0 2 0 2 9 7 0 1
2 0 20 15 0 10 0 0 7 4 0 0
202 4 0 4 0 -1 -1 3
0 0 7 0 0 8 0 1 4 0 0 1
1 0 18 30 0 2 0 2 0 7 0 0
2 0 20 0 0 10 0 0 7 4 0 0
203 4 9 4 0 -1 -1 3
0 0 6 30 0 8 0 1 4 9 0 0
1 0 18 0 0 2 0 2 9 8 0 1
2 0 20 15 0 10 0 0 8 4 0 1
205 4 1 4 0 -1 -1 3
0 0 8 15 0 8 0 1 4 1 0 0
1 0 18 15 0 2 0 2 1 7 0 1
2 0 20 0 0 10 0 0 7 4 0 0
207 4 9 4 0 -1 -1 3
0 0 7 0 0 8 0 1 4 9 0 0
1 0 18 15 0 2 0 2 9 7 0 1
2 0 20 15 0 10 0 0 7 4 0 0
215 4 1 4 0 -1 -1 3
0 0 8 0 0 8 0 1 4 1 0 0
1 0 18 0 0 2 0 2 1 4 0 1
2 0 20 0 0 10 0 0 4 4 0 0
232 4 6 4 0 -1 -1 3
0 0 6 15 0 8 0 1 4 6 0 0
1 0 18 0 0 2 0 2 6 1 0 0
2 0 20 15 0 10 0 0 1 4 0 1
235 4 7 4 0 -1 -1 3
0 0 8 15 0 8 0 1 4 7 0 1
1 0 18 30 0 2 0 2 7 9 0 0
2 0 20 15 0 10 0 0 9 4 0 1
236 4 7 4 0 -1 -1 3
0 0 8 15 0 8 0 1 4 7 0 1
1 0 18 0 0 2 0 2 7 6 0 0
2 0 20 15 0 10 0 0 6 4 0 1
240 4 2 4 0 -1 -1 3
0 0 6 15 0 8 0 1 4 2 0 0
1 0 18 15 0 2 0 2 2 7 0 1
2 0 20 15 0 10 0 0 7 4 0 0
256 4 5 4 0 -1 -1 3
0 0 8 15 0 8 0 1 4 5 0 0
1 0 18 0 0 2 0 2 5 9 0 1
2 0 20 0 0 10 0 0 9 4 0 1
270 4 8 4 0 -1 -1 3
0 0 7 30 0 8 0 1 4 8 0 0
1 0 18 0 0 2 0 2 8 6 0 0
2 0 20 15 0 10 0 0 6 4 0 1
282 4 2 4 0 -1 -1 3
0 0 8 0 0 8 0 1 4 2 0 0
1 0 18 30 0 2 0 2 2 3 0 1
2 0 20 15 0 10 0 0 3 4 0 0
5 16 17 22
16 5 8 5 1 -1 -1 3
0 0 6 0 0 8 0 1 5 8 0 1
1 0 18 0 0 2 0 2 8 6 0 0
2 0 20 30 0 10 0 0 6 5 0 0
44 5 3 5 0 -1 -1 3
0 0 7 0 0 8 0 1 5 3 0 1
1 0 18 0 0 2 0 2 3 4 0 0
2 0 20 30 0 10 0 0 4 5 0 0
58 5 3 5 0 -1 -1 3
0 0 7 15 0 8 0 1 5 3 0 1
1 0 18 30 0 2 0 2 3 9 0 0
2 0 20 0 0 10 0 0 9 5 0 0
59 5 3 5 0 -1 -1 3
0 0 7 15 0 8 0 1 5 3 0 1
1 0 18 0 0 2 0 2 3 8 0 0
2 0 20 15 0 10 0 0 8 5 0 0
70 5 2 5 0 -1 -1 3
0 0 6 15 0 8 0 1 5 2 0 1
1 0 18 0 0 2 0 2 2 7 0 1
2 0 20 0 0 10 0 0 7 5 0 0
77 5 4 5 0 -1 -1 3
0 0 8 0 0 8 0 1 5 4 0 1
1 0 18 0 0 2 0 2 4 8 0 0
2 0 20 30 0 10 0 0 8 5 0 0
88 5 6 5 1 -1 -1 3
0 0 6 0 0 8 0 1 5 6 0 1
1 0 18 15 0 2 0 2 6 8 0 1
2 0 20 30 0 10 0 0 8 5 0 0
109 5 1 5 0 -1 -1 3
0 0 6 15 0 8 0 1 5 1 0 0
1 0 18 30 0 2 0 2 1 0 0 1
2 0 20 30 0 10 0 0 0 5 0 0
120 5 0 5 0 -1 -1 3
0 0 6 30 0 8 0 1 5 0 0 1
1 0 18 0 0 2 0 2 0 9 0 0
2 0 20 15 0 10 0 0 9 5 0 0
126 5 8 5 0 -1 -1 3
0 0 7 0 0 8 0 1 5 8 0 1
1 0 18 0 0 2 0 2 8 3 0 1
2 0 20 30 0 10 0 0 3 5 0 0
130 5 7 5 0 -1 -1 3
0 0 7 15 0 8 0 1 5 7 0 1
1 0 18 30 0 2 0 2 7 4 0 0
2 0 20 15 0 10 0 0 4 5 0 0
143 5 2 5 1 -1 -1 3
0 0 6 0 0 8 0 1 5 2 0 1
1 0 18 15 0 2 0 2 2 7 0 1
2 0 20 15 0 10 0 0 7 5 0 0
151 5 6 5 0 -1 -1 3
0 0 7 15 0 8 0 1 5 6 0 1
1 0 18 0 0 2 0 2 6 7 0 1
2 0 20 15 0 10 0 0 7 5 0 0
166 5 3 5 0 -1 -1 3
0 0 7 30 0 8 0 1 5 3 0 1
1 0 18 30 0 2 0 2 3 9 0 0
2 0 20 0 0 10 0 0 9 5 0 0
173 5 2 5 0 -1 -1 3
0 0 8 15 0 8 0 1 5 2 0 1
1 0 18 0 0 2 0 2 2 3 0 1
2 0 20 30 0 10 0 0 3 5 0 0
177 5 4 5 1 -1 -1 3
0 0 6 0 0 8 0 1 5 4 0 1
1 0 18 30 0 2 0 2 4 9 0 0
2 0 20 30 0 10 0 0 9 5 0 0
181 5 9 5 0 -1 -1 3
0 0 6 30 0 8 0 1 5 9 0 1
1 0 18 15 0 2 0 2 9 5 0 0
2 0 20 0 0 10 0 0 5 5 0 0
192 5 2 5 0 -1 -1 3
0 0 6 15 0 8 0 1 5 2 0 1
1 0 18 30 0 2 0 2 2 7 0 1
2 0 20 0 0 10 0 0 7 5 0 0
212 5 9 5 0 -1 -1 3
0 0 7 15 0 8 0 1 5 9 0 1
1 0 18 0 0 2 0 2 9 0 0 1
2 0 20 15 0 10 0 0 0 5 0 0
254 5 4 5 1 -1 -1 3
0 0 6 0 0 8 0 1 5 4 0 1
1 0 18 0 0 2 0 2 4 6 0 0
2 0 20 30 0 10 0 0 6 5 0 0
266 5 8 5 0 -1 -1 3
0 0 7 30 0 8 0 1 5 8 0 1
1 0 18 15 0 2 0 2 8 7 0 1
2 0 20 0 0 10 0 0 7 5 0 0
292 5 1 5 0 -1 -1 3
0 0 7 15 0 8 0 1 5 1 0 0
1 0 18 30 0 2 0 2 1 8 0 1
2 0 20 15 0 10 0 0 8 5 0 0
6 5 13 27
3 6 9 6 0 -1 -1 3
0 0 7 30 0 8 0 1 6 9 0 0
1 0 18 0 0 2 0 2 9 8 0 1
2 0 20 15 0 10 0 0 8 6 0 0
13 6 7 6 0 -1 -1 3
0 0 7 15 0 8 0 1 6 7 0 1
1 0 18 15 0 2 0 2 7 9 0 0
2 0 20 30 0 10 0 0 9 6 0 1
22 6 9 6 1 -1 -1 3
0 0 6 0 0 8 0 1 6 9 0 0
1 0 18 0 0 2 0 2 9 7 0 1
2 0 20 30 0 10 0 0 7 6 0 0
31 6 7 6 0 -1 -1 3
0 0 7 0 0 8 0 1 6 7 0 1
1 0 18 30 0 2 0 2 7 1 0 0
2 0 20 30 0 10 0 0 1 6 0 1
33 6 5 6 0 -1 -1 3
0 0 7 0 0 8 0 1 6 5 0 0
1 0 18 15 0 2 0 2 5 2 0 1
2 0 20 15 0 10 0 0 2 6 0 1
42 6 4 6 0 -1 -1 3
0 0 8 30 0 8 0 1 6 4 0 1
1 0 18 15 0 2 0 2 4 3 0 1
2 0 20 0 0 10 0 0 3 6 0 0
65 6 1 6 0 -1 -1 3
0 0 7 30 0 8 0 1 6 1 0 0
1 0 18 15 0 2 0 2 1 9 0 1
2 0 20 15 0 10 0 0 9 6 0 1
66 6 9 6 0 -1 -1 3
0 0 8 30 0 8 0 1 6 9 0 0
1 0 18 30 0 2 0 2 9 1 0 0
2 0 20 30 0 10 0 0 1 6 0 1
85 6 2 6 0 -1 -1 3
0 0 8 30 0 8 0 1 6 2 0 0
1 0 18 15 0 2 0 2 2 9 0 0
2 0 20 0 0 10 0 0 9 6 0 1
91 6 3 6 0 -1 -1 3
0 0 6 15 0 8 0 1 6 3 0 1
1 0 18 15 0 2 0 2 3 2 0 0
2 0 20 30 0 10 0 0 2 6 0 1
92 6 4 6 0 -1 -1 3
0 0 6 15 0 8 0 1 6 4 0 1
1 0 18 30 0 2 0 2 4 1 0 0
2 0 20 15 0 10 0 0 1 6 0 1
124 6 7 6 0 -1 -1 3
0 0 7 15 0 8 0 1 6 7 0 1
1 0 18 15 0 2 0 2 7 2 0 0
2 0 20 0 0 10 0 0 2 6 0 1
127 6 8 6 0 -1 -1 3
0 0 8 0 0 8 0 1 6 8 0 1
1 0 18 30 0 2 0 2 8 9 0 0
2 0 20 15 0 10 0 0 9 6 0 1
157 6 7 6 0 -1 -1 3
0 0 8 0 0 8 0 1 6 7 0 1
1 0 18 30 0 2 0 2 7 5 0 0
2 0 20 0 0 10 0 0 5 6 0 1
165 6 2 6 1 -1 -1 3
0 0 6 0 0 8 0 1 6 2 0 0
1 0 18 30 0 2 0 2 2 4 0 1
2 0 20 15 0 10 0 0 4 6 0 0
176 6 0 6 0 -1 -1 3
0 0 7 0 0 8 0 1 6 0 0 1
1 0 18 0 0 2 0 2 0 7 0 0
2 0 20 15 0 10 0 0 7 6 0 0
182 6 0 6 0 -1 -1 3
0 0 8 30 0 8 0 1 6 0 0 1
1 0 18 15 0 2 0 2 0 1 0 0
2 0 20 30 0 10 0 0 1 6 0 1
186 6 0 6 0 -1 -1 3
0 0 7 30 0 8 0 1 6 0 0 1
1 0 18 30 0 2 0 2 0 8 0 0
2 0 20 0 0 10 0 0 8 6 0 0
188 6 3 6 0 -1 -1 3
0 0 7 0 0 8 0 1 6 3 0 1
1 0 18 0 0 2 0 2 3 7 0 1
2 0 20 0 0 10 0 0 7 6 0 0
197 6 5 6 0 -1 -1 3
0 0 6 15 0 8 0 1 6 5 0 0
1 0 18 30 0 2 0 2 5 7 0 1
2 0 20 15 0 10 0 0 7 6 0 0
199 6 4 6 0 -1 -1 3
0 0 8 0 0 8 0 1 6 4 0 1
1 0 18 30 0 2 0 2 4 9 0 0
2 0 20 30 0 10 0 0 9 6 0 1
211 6 8 6 0 -1 -1 3
0 0 6 30 0 8 0 1 6 8 0 1
1 0 18 30 0 2 0 2 8 7 0 1
2 0 20 0 0 10 0 0 7 6 0 0
233 6 3 6 1 -1 -1 3
0 0 6 0 0 8 0 1 6 3 0 1
1 0 18 15 0 2 0 2 3 6 0 0
2 0 20 0 0 10 0 0 6 6 0 0
242 6 3 6 0 -1 -1 3
0 0 8 30 0 8 0 1 6 3 0 1
1 0 18 30 0 2 0 2 3 6 0 0
2 0 20 0 0 10 0 0 6 6 0 0
249 6 5 6 0 -1 -1 3
0 0 7 0 0 8 0 1 6 5 0 0
1 0 18 0 0 2 0 2 5 3 0 1
2 0 20 15 0 10 0 0 3 6 0 0
264 6 8 6 1 -1 -1 3
0 0 6 0 0 8 0 1 6 8 0 1
1 0 18 30 0 2 0 2 8 2 0 0
2 0 20 15 0 10 0 0 2 6 0 1
273 6 5 6 0 -1 -1 3
0 0 6 15 0 8 0 1 6 5 0 0
1 0 18 0 0 2 0 2 5 2 0 1
2 0 20 0 0 10 0 0 2 6 0 1
7 9 4 31
1 7 6 7 0 -1 -1 3
0 0 6 15 0 8 0 1 7 6 0 0
1 0 18 30 0 2 0 2 6 4 0 1
2 0 20 30 0 10 0 0 4 7 0 1
2 7 8 7 0 -1 -1 3
0 0 7 30 0 8 0 1 7 8 0 0
1 0 18 30 0 2 0 2 8 9 0 0
2 0 20 15 0 10 0 0 9 7 0 1
10 7 9 7 0 -1 -1 3
0 0 7 15 0 8 0 1 7 9 0 0
1 0 18 30 0 2 0 2 9 8 0 1
2 0 20 15 0 10 0 0 8 7 0 1
21 7 2 7 0 -1 -1 3
0 0 7 0 0 8 0 1 7 2 0 0
1 0 18 30 0 2 0 2 2 0 0 1
2 0 20 30 0 10 0 0 0 7 0 0
24 7 3 7 0 -1 -1 3
0 0 8 0 0 8 0 1 7 3 0 0
1 0 18 15 0 2 0 2 3 2 0 0
2 0 20 30 0 10 0 0 2 7 0 1
26 7 2 7 0 -1 -1 3
0 0 7 30 0 8 0 1 7 2 0 0
1 0 18 15 0 2 0 2 2 3 0 1
2 0 20 0 0 10 0 0 3 7 0 1
28 7 4 7 0 -1 -1 3
0 0 7 15 0 8 0 1 7 4 0 0
1 0 18 0 0 2 0 2 4 0 0 1
2 0 20 0 0 10 0 0 0 7 0 0
32 7 9 7 0 -1 -1 3
0 0 8 30 0 8 0 1 7 9 0 0
1 0 18 0 0 2 0 2 9 5 0 0
2 0 20 30 0 10 0 0 5 7 0 1
36 7 0 7 0 -1 -1 3
0 0 7 15 0 8 0 1 7 0 0 1
1 0 18 30 0 2 0 2 0 6 0 0
2 0 20 15 0 10 0 0 6 7 0 1
45 7 2 7 1 -1 -1 3
0 0 6 0 0 8 0 1 7 2 0 0
1 0 18 0 0 2 0 2 2 1 0 0
2 0 20 30 0 10 0 0 1 7 0 1
64 7 3 7 1 -1 -1 3
0 0 6 0 0 8 0 1 7 3 0 0
1 0 18 30 0 2 0 2 3 6 0 0
2 0 20 30 0 10 0 0 6 7 0 1
68 7 1 7 0 -1 -1 3
0 0 8 15 0 8 0 1 7 1 0 0
1 0 18 30 0 2 0 2 1 9 0 1
2 0 20 30 0 10 0 0 9 7 0 1
80 7 2 7 0 -1 -1 3
0 0 6 30 0 8 0 1 7 2 0 0
1 0 18 15 0 2 0 2 2 0 0 1
2 0 20 30 0 10 0 0 0 7 0 0
101 7 5 7 0 -1 -1 3
0 0 7 0 0 8 0 1 7 5 0 0
1 0 18 0 0 2 0 2 5 9 0 1
2 0 20 30 0 10 0 0 9 7 0 1
128 7 4 7 0 -1 -1 3
0 0 7 15 0 8 0 1 7 4 0 0
1 0 18 30 0 2 0 2 4 9 0 0
2 0 20 0 0 10 0 0 9 7 0 1
132 7 8 7 0 -1 -1 3
0 0 6 15 0 8 0 1 7 8 0 0
1 0 18 30 0 2 0 2 8 4 0 1
2 0 20 15 0 10 0 0 4 7 0 1
141 7 6 7 0 -1 -1 3
0 0 6 15 0 8 0 1 7 6 0 0
1 0 18 30 0 2 0 2 6 4 0 1
2 0 20 30 0 10 0 0 4 7 0 1
144 7 6 7 1 -1 -1 3
0 0 6 0 0 8 0 1 7 6 0 0
1 0 18 0 0 2 0 2 6 8 0 1
2 0 20 30 0 10 0 0 8 7 0 1
153 7 4 7 0 -1 -1 3
0 0 7 0 0 8 0 1 7 4 0 0
1 0 18 15 0 2 0 2 4 6 0 0
2 0 20 15 0 10 0 0 6 7 0 1
154 7 6 7 0 -1 -1 3
0 0 6 15 0 8 0 1 7 6 0 0
1 0 18 30 0 2 0 2 6 9 0 0
2 0 20 15 0 10 0 0 9 7 0 1
159 7 3 7 0 -1 -1 3
0 0 7 30 0 8 0 1 7 3 0 0
1 0 18 15 0 2 0 2 3 9 0 0
2 0 20 30 0 10 0 0 9 7 0 1
164 7 9 7 0 -1 -1 3
0 0 6 15 0 8 0 1 7 9 0 0
1 0 18 0 0 2 0 2 9 7 0 1
2 0 20 30 0 10 0 0 7 7 0 0
167 7 4 7 0 -1 -1 3
0 0 6 15 0 8 0 1 7 4 0 0
1 0 18 30 0 2 0 2 4 7 0 1
2 0 20 15 0 10 0 0 7 7 0 0
196 7 5 7 0 -1 -1 3
0 0 6 15 0 8 0 1 7 5 0 0
1 0 18 0 0 2 0 2 5 8 0 1
2 0 20 15 0 10 0 0 8 7 0 1
210 7 9 7 0 -1 -1 3
0 0 7 0 0 8 0 1 7 9 0 0
1 0 18 0 0 2 0 2 9 0 0 1
2 0 20 15 0 10 0 0 0 7 0 0
222 7 6 7 0 -1 -1 3
0 0 8 0 0 8 0 1 7 6 0 0
1 0 18 0 0 2 0 2 6 2 0 0
2 0 20 15 0 10 0 0 2 7 0 1
227 7 4 7 0 -1 -1 3
0 0 8 0 0 8 0 1 7 4 0 0
1 0 18 15 0 2 0 2 4 3 0 1
2 0 20 15 0 10 0 0 3 7 0 1
228 7 2 7 0 -1 -1 3
0 0 7 0 0 8 0 1 7 2 0 0
1 0 18 0 0 2 0 2 2 5 0 0
2 0 20 30 0 10 0 0 5 7 0 1
253 7 3 7 0 -1 -1 3
0 0 7 0 0 8 0 1 7 3 0 0
1 0 18 30 0 2 0 2 3 5 0 0
2 0 20 0 0 10 0 0 5 7 0 1
263 7 5 7 0 -1 -1 3
0 0 6 30 0 8 0 1 7 5 0 0
1 0 18 30 0 2 0 2 5 7 0 1
2 0 20 30 0 10 0 0 7 7 0 0
272 7 5 7 0 -1 -1 3
0 0 8 15 0 8 0 1 7 5 0 0
1 0 18 15 0 2 0 2 5 8 0 1
2 0 20 15 0 10 0 0 8 7 0 1
8 10 13 38
8 8 0 8 0 -1 -1 3
0 0 6 30 0 8 0 1 8 0 0 1
1 0 18 30 0 2 0 2 0 7 0 0
2 0 20 15 0 10 0 0 7 8 0 0
14 8 4 8 0 -1 -1 3
0 0 8 30 0 8 0 1 8 4 0 1
1 0 18 0 0 2 0 2 4 0 0 1
2 0 20 30 0 10 0 0 0 8 0 0
15 8 4 8 0 -1 -1 3
0 0 7 30 0 8 0 1 8 4 0 1
1 0 18 15 0 2 0 2 4 5 0 0
2 0 20 30 0 10 0 0 5 8 0 1
38 8 0 8 0 -1 -1 3
0 0 8 15 0 8 0 1 8 0 0 1
1 0 18 0 0 2 0 2 0 1 0 0
2 0 20 15 0 10 0 0 1 8 0 1
57 8 9 8 0 -1 -1 3
0 0 7 15 0 8 0 1 8 9 0 0
1 0 18 30 0 2 0 2 9 2 0 1
2 0 20 30 0 10 0 0 2 8 0 1
62 8 9 8 0 -1 -1 3
0 0 7 0 0 8 0 1 8 9 0 0
1 0 18 0 0 2 0 2 9 1 0 0
2 0 20 0 0 10 0 0 1 8 0 1
71 8 7 8 0 -1 -1 3
0 0 7 0 0 8 0 1 8 7 0 1
1 0 18 15 0 2 0 2 7 2 0 0
2 0 20 30 0 10 0 0 2 8 0 1
73 8 1 8 1 -1 -1 3
0 0 6 0 0 8 0 1 8 1 0 0
1 0 18 15 0 2 0 2 1 4 0 1
2 0 20 0 0 10 0 0 4 8 0 0
75 8 1 8 1 -1 -1 3
0 0 6 0 0 8 0 1 8 1 0 0
1 0 18 30 0 2 0 2 1 0 0 1
2 0 20 0 0 10 0 0 0 8 0 0
86 8 6 8 0 -1 -1 3
0 0 7 0 0 8 0 1 8 6 0 0
1 0 18 15 0 2 0 2 6 0 0 1
2 0 20 15 0 10 0 0 0 8 0 0
93 8 0 8 0 -1 -1 3
0 0 7 0 0 8 0 1 8 0 0 1
1 0 18 0 0 2 0 2 0 6 0 0
2 0 20 15 0 10 0 0 6 8 0 1
123 8 1 8 0 -1 -1 3
0 0 6 30 0 8 0 1 8 1 0 0
1 0 18 15 0 2 0 2 1 6 0 1
2 0 20 15 0 10 0 0 6 8 0 1
136 8 4 8 0 -1 -1 3
0 0 7 15 0 8 0 1 8 4 0 1
1 0 18 30 0 2 0 2 4 6 0 0
2 0 20 15 0 10 0 0 6 8 0 1
147 8 4 8 0 -1 -1 3
0 0 7 0 0 8 0 1 8 4 0 1
1 0 18 30 0 2 0 2 4 6 0 0
2 0 20 0 0 10 0 0 6 8 0 1
161 8 9 8 1 -1 -1 3
0 0 6 0 0 8 0 1 8 9 0 0
1 0 18 30 0 2 0 2 9 0 0 1
2 0 20 0 0 10 0 0 0 8 0 0
162 8 7 8 0 -1 -1 3
0 0 8 0 0 8 0 1 8 7 0 1
1 0 18 0 0 2 0 2 7 4 0 0
2 0 20 0 0 10 0 0 4 8 0 0
170 8 3 8 0 -1 -1 3
0 0 8 0 0 8 0 1 8 3 0 1
1 0 18 15 0 2 0 2 3 1 0 0
2 0 20 30 0 10 0 0 1 8 0 1
172 8 0 8 0 -1 -1 3
0 0 8 15 0 8 0 1 8 0 0 1
1 0 18 30 0 2 0 2 0 9 0 0
2 0 20 0 0 10 0 0 9 8 0 1
179 8 2 8 1 -1 -1 3
0 0 6 0 0 8 0 1 8 2 0 0
1 0 18 30 0 2 0 2 2 3 0 1
2 0 20 0 0 10 0 0 3 8 0 0
187 8 2 8 0 -1 -1 3
0 0 8 30 0 8 0 1 8 2 0 0
1 0 18 30 0 2 0 2 2 8 0 1
2 0 20 15 0 10 0 0 8 8 0 0
189 8 1 8 0 -1 -1 3
0 0 7 30 0 8 0 1 8 1 0 0
1 0 18 30 0 2 0 2 1 5 0 1
2 0 20 15 0 10 0 0 5 8 0 1
190 8 9 8 0 -1 -1 3
0 0 8 0 0 8 0 1 8 9 0 0
1 0 18 15 0 2 0 2 9 2 0 1
2 0 20 30 0 10 0 0 2 8 0 1
209 8 6 8 0 -1 -1 3
0 0 7 0 0 8 0 1 8 6 0 0
1 0 18 0 0 2 0 2 6 5 0 0
2 0 20 15 0 10 0 0 5 8 0 1
220 8 7 8 0 -1 -1 3
0 0 8 0 0 8 0 1 8 7 0 1
1 0 18 30 0 2 0 2 7 9 0 0
2 0 20 0 0 10 0 0 9 8 0 1
223 8 6 8 0 -1 -1 3
0 0 7 15 0 8 0 1 8 6 0 0
1 0 18 15 0 2 0 2 6 9 0 0
2 0 20 0 0 10 0 0 9 8 0 1
225 8 2 8 0 -1 -1 3
0 0 8 30 0 8 0 1 8 2 0 0
1 0 18 0 0 2 0 2 2 5 0 0
2 0 20 0 0 10 0 0 5 8 0 1
226 8 1 8 1 -1 -1 3
0 0 6 0 0 8 0 1 8 1 0 0
1 0 18 0 0 2 0 2 1 7 0 1
2 0 20 15 0 10 0 0 7 8 0 0
237 8 7 8 0 -1 -1 3
0 0 7 30 0 8 0 1 8 7 0 1
1 0 18 0 0 2 0 2 7 2 0 0
2 0 20 15 0 10 0 0 2 8 0 1
248 8 7 8 0 -1 -1 3
0 0 7 30 0 8 0 1 8 7 0 1
1 0 18 30 0 2 0 2 7 3 0 0
2 0 20 0 0 10 0 0 3 8 0 0
252 8 5 8 0 -1 -1 3
0 0 7 30 0 8 0 1 8 5 0 0
1 0 18 0 0 2 0 2 5 7 0 1
2 0 20 15 0 10 0 0 7 8 0 0
255 8 3 8 0 -1 -1 3
0 0 8 15 0 8 0 1 8 3 0 1
1 0 18 30 0 2 0 2 3 5 0 0
2 0 20 15 0 10 0 0 5 8 0 1
278 8 7 8 0 -1 -1 3
0 0 7 30 0 8 0 1 8 7 0 1
1 0 18 15 0 2 0 2 7 1 0 0
2 0 20 30 0 10 0 0 1 8 0 1
281 8 1 8 0 -1 -1 3
0 0 6 30 0 8 0 1 8 1 0 0
1 0 18 15 0 2 0 2 1 8 0 1
2 0 20 0 0 10 0 0 8 8 0 0
285 8 3 8 0 -1 -1 3
0 0 6 30 0 8 0 1 8 3 0 1
1 0 18 15 0 2 0 2 3 6 0 0
2 0 20 0 0 10 0 0 6 8 0 1
286 8 7 8 0 -1 -1 3
0 0 6 15 0 8 0 1 8 7 0 1
1 0 18 15 0 2 0 2 7 0 0 1
2 0 20 0 0 10 0 0 0 8 0 0
293 8 5 8 0 -1 -1 3
0 0 8 0 0 8 0 1 8 5 0 0
1 0 18 0 0 2 0 2 5 8 0 1
2 0 20 30 0 10 0 0 8 8 0 0
295 8 6 8 0 -1 -1 3
0 0 6 30 0 8 0 1 8 6 0 0
1 0 18 15 0 2 0 2 6 3 0 1
2 0 20 30 0 10 0 0 3 8 0 0
299 8 1 8 1 -1 -1 3
0 0 6 0 0 8 0 1 8 1 0 0
1 0 18 0 0 2 0 2 1 4 0 1
2 0 20 30 0 10 0 0 4 8 0 0
9 6 17 24
12 9 6 9 1 -1 -1 3
0 0 6 0 0 8 0 1 9 6 0 1
1 0 18 30 0 2 0 2 6 9 0 0
2 0 20 15 0 10 0 0 9 9 0 0
43 9 0 9 0 -1 -1 3
0 0 8 30 0 8 0 1 9 0 0 1
1 0 18 30 0 2 0 2 0 8 0 0
2 0 20 15 0 10 0 0 8 9 0 0
67 9 3 9 0 -1 -1 3
0 0 8 0 0 8 0 1 9 3 0 1
1 0 18 0 0 2 0 2 3 6 0 0
2 0 20 15 0 10 0 0 6 9 0 0
79 9 0 9 0 -1 -1 3
0 0 6 15 0 8 0 1 9 0 0 1
1 0 18 0 0 2 0 2 0 2 0 0
2 0 20 0 0 10 0 0 2 9 0 0
89 9 2 9 0 -1 -1 3
0 0 7 0 0 8 0 1 9 2 0 1
1 0 18 0 0 2 0 2 2 3 0 1
2 0 20 0 0 10 0 0 3 9 0 0
90 9 8 9 0 -1 -1 3
0 0 6 30 0 8 0 1 9 8 0 1
1 0 18 15 0 2 0 2 8 3 0 1
2 0 20 15 0 10 0 0 3 9 0 0
96 9 1 9 1 -1 -1 3
0 0 6 0 0 8 0 1 9 1 0 0
1 0 18 15 0 2 0 2 1 6 0 1
2 0 20 0 0 10 0 0 6 9 0 0
103 9 4 9 0 -1 -1 3
0 0 8 0 0 8 0 1 9 4 0 1
1 0 18 0 0 2 0 2 4 1 0 0
2 0 20 0 0 10 0 0 1 9 0 1
107 9 2 9 0 -1 -1 3
0 0 8 15 0 8 0 1 9 2 0 1
1 0 18 30 0 2 0 2 2 7 0 1
2 0 20 0 0 10 0 0 7 9 0 0
121 9 1 9 0 -1 -1 3
0 0 7 0 0 8 0 1 9 1 0 0
1 0 18 15 0 2 0 2 1 6 0 1
2 0 20 15 0 10 0 0 6 9 0 0
131 9 1 9 0 -1 -1 3
0 0 7 15 0 8 0 1 9 1 0 0
1 0 18 30 0 2 0 2 1 4 0 1
2 0 20 0 0 10 0 0 4 9 0 0
137 9 0 9 0 -1 -1 3
0 0 7 0 0 8 0 1 9 0 0 1
1 0 18 30 0 2 0 2 0 9 0 0
2 0 20 0 0 10 0 0 9 9 0 0
158 9 1 9 0 -1 -1 3
0 0 8 15 0 8 0 1 9 1 0 0
1 0 18 15 0 2 0 2 1 6 0 1
2 0 20 0 0 10 0 0 6 9 0 0
191 9 5 9 0 -1 -1 3
0 0 8 15 0 8 0 1 9 5 0 0
1 0 18 0 0 2 0 2 5 4 0 1
2 0 20 15 0 10 0 0 4 9 0 0
195 9 1 9 0 -1 -1 3
0 0 6 30 0 8 0 1 9 1 0 0
1 0 18 0 0 2 0 2 1 4 0 1
2 0 20 15 0 10 0 0 4 9 0 0
200 9 8 9 0 -1 -1 3
0 0 7 0 0 8 0 1 9 8 0 1
1 0 18 15 0 2 0 2 8 2 0 0
2 0 20 0 0 10 0 0 2 9 0 0
204 9 6 9 0 -1 -1 3
0 0 7 15 0 8 0 1 9 6 0 1
1 0 18 30 0 2 0 2 6 8 0 1
2 0 20 30 0 10 0 0 8 9 0 0
224 9 7 9 0 -1 -1 3
0 0 7 15 0 8 0 1 9 7 0 1
1 0 18 30 0 2 0 2 7 4 0 0
2 0 20 15 0 10 0 0 4 9 0 0
239 9 0 9 0 -1 -1 3
0 0 7 0 0 8 0 1 9 0 0 1
1 0 18 15 0 2 0 2 0 4 0 0
2 0 20 15 0 10 0 0 4 9 0 0
243 9 6 9 0 -1 -1 3
0 0 7 0 0 8 0 1 9 6 0 1
1 0 18 15 0 2 0 2 6 3 0 1
2 0 20 15 0 10 0 0 3 9 0 0
251 9 3 9 0 -1 -1 3
0 0 8 15 0 8 0 1 9 3 0 1
1 0 18 15 0 2 0 2 3 7 0 1
2 0 20 15 0 10 0 0 7 9 0 0
271 9 0 9 0 -1 -1 3
0 0 8 0 0 8 0 1 9 0 0 1
1 0 18 0 0 2 0 2 0 7 0 0
2 0 20 15 0 10 0 0 7 9 0 0
296 9 8 9 0 -1 -1 3
0 0 7 30 0 8 0 1 9 8 0 1
1 0 18 15 0 2 0 2 8 9 0 0
2 0 20 30 0 10 0 0 9 9 0 0
298 9 1 9 0 -1 -1 3
0 0 6 30 0 8 0 1 9 1 0 0
1 0 18 0 0 2 0 2 1 0 0 1
2 0 20 30 0 10 0 0 0 9 0 0