0 7 8 0 0 8 7
2 4 12 
3 4 12
4 4 12
5 4 12
6 4 12
7 4 12
8 4 12
7 3 6 0 0 6 5
9 3 3
9 2 6
10 2 12
11 2 12
12 2 12
3 4 13 0 0 13 12
13 3 3
13 4 3
13 5 3 
13 6 3
13 7 3
13 8 3
13 9 15
13 10 3 
13 11 3 
13 12 3
13 13 3
13 14 9
4 8 3 0 0 3 2
12 13 10
11 13 12
8 6 5 0 0 5 4
9 13 12
8 13 15
7 13 12
6 13 12
6 2 9 0 0 9 8
5 12 3
5 11 3
5 10 3 
5 9 3
5 8 3
5 7 6
6 7 12
7 7 12
2 9 12 0 0 12 11
8 8 3 
8 9 3
8 10 3 
8 11 3
8 12 3
8 13 15
8 14 3 
8 15 3
8 16 3
8 17 13
7 17 12 
9 5 10 0 0 10 9
7 17 12 
8 17 13 
9 17 12
10 17 12
11 17 12
12 17 12
13 17 12
14 17 12
15 17 12
5 1 14 0 0 14 13
16 16 3
16 15 3
16 14 3
16 13 3 
16 12 3
16 11 3
16 10 3
16 9 10
15 9 12
14 9 12
13 9 15
12 9 12
11 9 12